14.4043, 693.3422
14.4045, 693.3992
14.4045, 693.4563
14.4045, 693.5133
14.4045, 693.5703
14.4045, 693.6274
14.4045, 693.6844
14.4045, 693.7414
14.4045, 693.7985
14.4045, 693.8555
14.4045, 693.9125
14.4045, 693.9696
14.4045, 694.0266
14.4045, 694.0836
14.4045, 694.1407
14.4045, 694.1977
14.4045, 694.2548
14.4045, 694.3118
14.4045, 694.3688
14.4045, 694.4259
14.4045, 694.4828
14.4045, 694.5399
14.4045, 694.597
14.4045, 694.654
14.4045, 694.7109
14.4045, 694.7681
14.4045, 694.8251
14.4045, 694.882
14.4045, 694.9392
14.4045, 694.9962
14.4046, 695.0532
14.4046, 695.1103
14.4046, 695.1673
14.4046, 695.2243
14.4046, 695.2814
14.4046, 695.3384
14.4046, 695.3954
14.4046, 695.4525
14.4046, 695.5095
14.4046, 695.5665
14.4046, 695.6236
14.4046, 695.6806
14.4046, 695.7376
14.4046, 695.7947
14.4046, 695.8517
14.4046, 695.9087
14.4046, 695.9658
14.4046, 696.0228
14.4046, 696.0798
14.4046, 696.1369
14.4046, 696.1939
14.4046, 696.251
14.4046, 696.308
14.4046, 696.365
14.4046, 696.4221
14.4046, 696.4791
14.4046, 696.5361
14.4046, 696.5932
14.4046, 696.6502
14.4046, 696.7072
14.4046, 696.7643
14.4046, 696.8213
14.4046, 696.8782
14.4047, 696.9354
14.4047, 696.9924
14.4047, 697.0493
14.4047, 697.1065
14.4047, 697.1635
14.4047, 697.2205
14.4047, 697.2776
14.4047, 697.3346
14.4047, 697.3916
14.4047, 697.4487
14.4047, 697.5057
14.4047, 697.5627
14.4047, 697.6198
14.4047, 697.6768
14.4047, 697.7338
14.4047, 697.7909
14.4047, 697.8479
14.4047, 697.9049
14.4047, 697.962
14.4047, 698.019
14.4047, 698.076
14.4047, 698.1331
14.4047, 698.1901
14.4047, 698.2471
14.4047, 698.3042
14.4047, 698.3612
14.4047, 698.4183
14.4047, 698.4753
14.4047, 698.5323
14.4047, 698.5894
14.4047, 698.6463
14.4047, 698.7034
14.4048, 698.7605
14.4048, 698.8175
14.4048, 698.8745
14.4048, 698.9316
14.4048, 698.9886
14.4048, 699.0456
14.4048, 699.1027
14.4048, 699.1597
14.4048, 699.2167
14.4048, 699.2738
14.4048, 699.3308
14.4048, 699.3878
14.4048, 699.4449
14.4048, 699.5019
14.4048, 699.5589
14.4049, 699.616
14.4049, 699.673
14.4049, 699.73
14.4049, 699.7871
14.4049, 699.8441
14.4049, 699.9011
14.4049, 699.9582
14.4049, 700.0152
14.405, 700.0722
14.405, 700.1293
14.405, 700.1863
14.405, 700.2433
14.405, 700.3004
14.405, 700.3574
14.405, 700.4144
14.405, 700.4715
14.4051, 700.5285
14.4051, 700.5856
14.4051, 700.6425
14.4051, 700.6996
14.4052, 700.7567
14.4052, 700.8136
14.4052, 700.8136
14.4052, 700.8707
14.4053, 700.9278
14.4053, 700.9848
14.4053, 701.0418
14.4053, 701.0989
14.4054, 701.1559
14.4054, 701.1559
14.4055, 701.2129
14.4055, 701.2129
14.4055, 701.27
14.4056, 701.27
14.4056, 701.327
14.4056, 701.327
14.4057, 701.327
14.4057, 701.327
14.4057, 701.327
14.4058, 701.384
14.4058, 701.384
14.4058, 701.384
14.4059, 701.384
14.4059, 701.384
14.406, 701.384
14.406, 701.384
14.406, 701.384
14.4061, 701.384
14.4061, 701.384
14.4062, 701.384
14.4062, 701.384
14.4062, 701.384
14.4062, 701.4411
14.4062, 701.4411
14.4062, 701.4411
14.4064, 701.4411
14.4064, 701.4411
14.4064, 701.4411
14.4064, 701.4411
14.4064, 701.4411
14.4066, 701.4411
14.4066, 701.384
14.4067, 701.384
14.4067, 701.4411
14.4067, 701.4411
14.4068, 701.4411
14.4068, 701.4411
14.4069, 701.4411
14.4069, 701.4411
14.4069, 701.4981
14.407, 701.4981
14.407, 701.4981
14.407, 701.4981
14.4071, 701.5551
14.4071, 701.5551
14.4072, 701.5551
14.4072, 701.5551
14.4072, 701.6122
14.4073, 701.6122
14.4073, 701.6122
14.4074, 701.6692
14.4074, 701.6692
14.4074, 701.6692
14.4075, 701.6692
14.4075, 701.7262
14.4075, 701.7262
14.4076, 701.7262
14.4076, 701.7833
14.4077, 701.7833
14.4077, 701.7833
14.4077, 701.7833
14.4078, 701.8403
14.4078, 701.8403
14.4079, 701.8403
14.4079, 701.8973
14.4079, 701.8973
14.408, 701.8973
14.408, 701.8973
14.408, 701.8973
14.4081, 701.8973
14.4081, 701.8973
14.4082, 701.8973
14.4082, 701.9544
14.4082, 701.9544
14.4083, 701.9544
14.4083, 701.9544
14.4083, 701.9544
14.4083, 701.9544
14.4083, 701.9544
14.4085, 701.9544
14.4085, 701.9544
14.4086, 702.0114
14.4086, 702.0114
14.4086, 702.0114
14.4087, 702.0114
14.4087, 702.0114
14.4087, 702.0684
14.4088, 702.0684
14.4088, 702.0684
14.4089, 702.0684
14.4089, 702.0684
14.4089, 702.0684
14.409, 702.0684
14.409, 702.0684
14.4091, 702.0684
14.4091, 702.1255
14.4091, 702.1255
14.4092, 702.1255
14.4092, 702.1255
14.4092, 702.1255
14.4093, 702.1255
14.4093, 702.1255
14.4094, 702.1255
14.4094, 702.1255
14.4094, 702.1255
14.4095, 702.1255
14.4095, 702.1825
14.4096, 702.1825
14.4096, 702.1825
14.4096, 702.1825
14.4097, 702.1825
14.4097, 702.1825
14.4097, 702.1825
14.4098, 702.1825
14.4098, 702.1825
14.4099, 702.1825
14.4099, 702.1825
14.4099, 702.1825
14.41, 702.1825
14.41, 702.1825
14.4101, 702.1825
14.4101, 702.1825
14.4101, 702.1825
14.4102, 702.1825
14.4102, 702.2395
14.4102, 702.2395
14.4102, 702.2395
14.4102, 702.2395
14.4104, 702.2395
14.4104, 702.2395
14.4104, 702.2395
14.4104, 702.2395
14.4104, 702.2395
14.4106, 702.2395
14.4106, 702.2395
14.4106, 702.2395
14.4107, 702.2395
14.4107, 702.2395
14.4108, 702.2395
14.4108, 702.2395
14.4108, 702.2395
14.4109, 702.2395
14.4109, 702.2395
14.4109, 702.2395
14.411, 702.2395
14.411, 702.2395
14.4111, 702.2395
14.4111, 702.2395
14.4111, 702.2395
14.4112, 702.2395
14.4112, 702.2395
14.4113, 702.2395
14.4113, 702.2395
14.4113, 702.2395
14.4114, 702.2395
14.4114, 702.2395
14.4114, 702.2395
14.4115, 702.2395
14.4115, 702.2395
14.4116, 702.2395
14.4116, 702.2395
14.4116, 702.2395
14.4117, 702.2395
14.4117, 702.2395
14.4118, 702.2395
14.4118, 702.2395
14.4118, 702.2395
14.4119, 702.2395
14.4119, 702.2395
14.412, 702.2966
14.412, 702.2966
14.412, 702.2966
14.4121, 702.2966
14.4121, 702.2966
14.4121, 702.2966
14.4122, 702.2966
14.4122, 702.2966
14.4123, 702.2966
14.4123, 702.2966
14.4123, 702.2966
14.4123, 702.2966
14.4123, 702.2966
14.4125, 702.2966
14.4125, 702.2966
14.4125, 702.2966
14.4126, 702.2966
14.4126, 702.2966
14.4126, 702.2966
14.4127, 702.2966
14.4127, 702.2395
14.4128, 702.2395
14.4128, 702.2395
14.4128, 702.2395
14.4129, 702.2395
14.4129, 702.2395
14.413, 702.2395
14.413, 702.2395
14.413, 702.2395
14.4131, 702.2395
14.4131, 702.2395
14.4131, 702.2395
14.4132, 702.2395
14.4132, 702.2395
14.4133, 702.2395
14.4133, 702.2966
14.4133, 702.2966
14.4134, 702.2966
14.4134, 702.2966
14.4135, 702.2966
14.4135, 702.2966
14.4135, 702.2966
14.4136, 702.2966
14.4136, 702.2966
14.4137, 702.2966
14.4137, 702.2966
14.4137, 702.2966
14.4138, 702.2966
14.4138, 702.2966
14.4138, 702.2966
14.4139, 702.2966
14.4139, 702.2966
14.414, 702.2966
14.414, 702.2966
14.414, 702.2966
14.4141, 702.2966
14.4141, 702.2966
14.4142, 702.2966
14.4142, 702.2966
14.4142, 702.2966
14.4143, 702.2966
14.4143, 702.2966
14.4143, 702.2966
14.4144, 702.2966
14.4144, 702.2966
14.4144, 702.2966
14.4144, 702.2966
14.4144, 702.2966
14.4146, 702.2966
14.4146, 702.2966
14.4147, 702.2966
14.4147, 702.2966
14.4147, 702.2966
14.4148, 702.2966
14.4148, 702.2966
14.4148, 702.2966
14.4149, 702.2966
14.4149, 702.2966
14.415, 702.2966
14.415, 702.2966
14.415, 702.2966
14.4151, 702.2966
14.4151, 702.2966
14.4152, 702.2966
14.4152, 702.3536
14.4152, 702.3536
14.4153, 702.3536
14.4153, 702.3536
14.4153, 702.3536
14.4154, 702.3536
14.4154, 702.3536
14.4155, 702.3536
14.4155, 702.3536
14.4155, 702.3536
14.4156, 702.3536
14.4156, 702.3536
14.4157, 702.3536
14.4157, 702.3536
14.4157, 702.3536
14.4158, 702.3536
14.4158, 702.3536
14.4159, 702.3536
14.4159, 702.2966
14.4159, 702.2966
14.416, 702.3536
14.416, 702.3536
14.416, 702.3536
14.4161, 702.3536
14.4161, 702.3536
14.4162, 702.3536
14.4162, 702.3536
14.4162, 702.3536
14.4163, 702.3536
14.4163, 702.3536
14.4163, 702.3536
14.4163, 702.2966
14.4163, 702.2966
14.4165, 702.2966
14.4165, 702.2966
14.4165, 702.2966
14.4166, 702.2966
14.4166, 702.2966
14.4167, 702.3536
14.4167, 702.3536
14.4167, 702.3536
14.4168, 702.3536
14.4168, 702.3536
14.4169, 702.3536
14.4169, 702.3536
14.4169, 702.2966
14.417, 702.2966
14.417, 702.2966
14.417, 702.2966
14.4171, 702.2966
14.4171, 702.3536
14.4172, 702.3536
14.4172, 702.3536
14.4172, 702.3536
14.4173, 702.3536
14.4173, 702.2966
14.4174, 702.2966
14.4174, 702.2966
14.4174, 702.2966
14.4175, 702.2966
14.4175, 702.2966
14.4176, 702.2966
14.4176, 702.2966
14.4176, 702.2966
14.4177, 702.2966
14.4177, 702.2966
14.4177, 702.3536
14.4178, 702.3536
14.4178, 702.3536
14.4179, 702.3536
14.4179, 702.3536
14.4179, 702.3536
14.418, 702.3536
14.418, 702.3536
14.4181, 702.3536
14.4181, 702.3536
14.4181, 702.3536
14.4182, 702.3536
14.4182, 702.3536
14.4182, 702.3536
14.4183, 702.3536
14.4183, 702.3536
14.4184, 702.3536
14.4184, 702.3536
14.4184, 702.3536
14.4184, 702.3536
14.4184, 702.3536
14.4186, 702.3536
14.4186, 702.3536
14.4186, 702.3536
14.4187, 702.3536
14.4187, 702.3536
14.4187, 702.3536
14.4188, 702.3536
14.4188, 702.3536
14.4189, 702.3536
14.4189, 702.3536
14.4189, 702.3536
14.419, 702.3536
14.419, 702.3536
14.4191, 702.3536
14.4191, 702.3536
14.4191, 702.3536
14.4192, 702.3536
14.4192, 702.3536
14.4193, 702.3536
14.4193, 702.3536
14.4193, 702.3536
14.4194, 702.3536
14.4194, 702.3536
14.4194, 702.3536
14.4195, 702.3536
14.4195, 702.3536
14.4196, 702.3536
14.4196, 702.3536
14.4196, 702.2966
14.4197, 702.2966
14.4197, 702.2966
14.4198, 702.2966
14.4198, 702.2966
14.4198, 702.2966
