1 	77.2 	1307:14 	1.08 	4.1
2 	77.6 	1212:33 	0.61 	3.4
2 	77.7 	1419:18 	0.85 	7.4
3 	78.1 	1417:31 	0.77 	4.7
5 	78.9 	1056:16 	0.55 	6.3
5 	78.9 	1225:09 	0.57 	30
6 	79.4 	1321:23 	0.69 	10.4
7 	79.9 	1413:29 	0.56 	6.6
11 	81.7 	1608:42 	1.00 	21
12 	82.0 	1234:58 	0.91 	3.0
12 	82.1 	1608:02 	0.62 	2.9
13 	82.5 	1117:59 	0.86 	9.0
13 	82.5 	1212:53 	0.70 	9.7
14 	82.9 	1132:42 	0.97 	18.6
17 	84.3 	1352:44 	1.24 	6.3
21 	86.1 	1202:33 	0.72 	8.7
22 	86.5 	1344:38 	0.81 	7.3
24 	87.4 	1024:43 	0.57 	3.1
24 	87.4 	1220:49 	0.75 	9.8
26 	88.5 	2259:44 	0.59 	22
29 	89.7 	1541:46 	1.33 	7.6
30 	90.1 	1033:14 	0.76 	8.1
32 	91.0 	1208:30 	0.54 	12.1
33 	91.5 	1406:24 	0.81 	13
34 	92.0 	1356:00 	0.52 	30
37 	93.3 	1522:51 	0.80 	4.2
40 	94.7 	1440:30 	1.24 	10.2
45 	97.0 	1300:45 	0.88 	27
46 	97.4 	0917:20 	0.73 	9.0
46 	97.4 	1009:24 	0.65 	3.8
47 	97.9 	1241:52 	0.94 	9.6
50 	99.2 	1054:29 	0.64 	5.5
50 	99.3 	1359:02 	0.88 	5.2
53 	100.6 	1100:42 	1.21 	10.2
57 	102.4 	0952:36 	0.58 	8.8
58 	102.9 	1039:06 	0.90 	9.3
59 	103.4 	1011:42 	0.51 	6.0
59 	103.5 	1411:38 	0.97 	15.0
59 	103.5 	1507:16 	0.67 	13.0
62 	104.9 	1443:36 	0.56 	7.9
66 	106.7 	1115:10 	0.70 	2.8
66 	106.8 	1558:07 	0.55 	8.0
67 	107.1 	1142:48 	0.51 	7.8
68 	107.6 	1121:55 	2.04 	5.3
68 	107.7 	1535:58 	0.63 	7.1
72 	109.5 	1323:03 	0.66 	9.8
73 	110.0 	1258:09 	0.96 	8.6
75 	110.9 	1101:54 	0.76 	3.4
77 	111.8 	1036:54 	0.53 	3.3
78 	112.3 	1208:55 	0.54 	4.6
78 	112.4 	1252:00 	0.60 	3.6
79 	112.7 	0845:02 	0.73 	3.8
79 	112.8 	1037:10 	0.87 	20
79 	112.8 	1118:10 	0.100 	5.8
79 	112.9 	1452:56 	1.33 	7.7
80 	113.3 	1133:35 	1.25 	7.2
80 	113.3 	1150:12 	0.90 	14.3
80 	113.3 	1315:51 	1.68 	2.8
82 	114.2 	1024:28 	1.86 	10.0
82 	114.2 	1145:14 	0.99 	2.5
83 	114.7 	1235:42 	0.55 	5.3
83 	114.7 	1318:08 	2.22 	4.5
83 	114.8 	1513:53 	1.09 	3.4
84 	115.3 	1543:42 	0.556 	12.6
85 	115.6 	1037:15 	1.02 	10.2
85 	115.6 	1037:15 	0.97 	14.4
85 	115.7 	1549:05 	0.78 	4.3
86 	116.1 	1129:04 	0.50 	4.1
86 	116.2 	1257:47 	0.54 	4.0
87 	116.6 	1103:38 	1.50 	4.5
87 	116.7 	1418:50 	0.52 	32
89 	117.5 	1031:47 	0.94 	12.5
89 	117.6 	1236:27 	0.56 	5.7
89 	117.7 	1633:05 	1.29 	16.6
90 	118.1 	1205:58 	2.58 	13.5
91 	118.8 	2322:12 	0.56 	29
91 	118.8 	2323:30 	0.56 	26
93 	119.5 	1128:37 	0.66 	2.1
93 	119.5 	1401:20 	0.50 	5.9
93 	119.5 	1447:02 	0.66 	20
93 	119.5 	1455:03 	0.74 	6.1
93 	119.6 	1536:08 	0.62 	4.9
94 	120.0 	1204:26 	0.57 	23
95 	120.4 	0849:15 	0.66 	14
95 	120.4 	0912:34 	1.67 	5.8
95 	120.4 	0954:47 	0.58 	6
95 	120.5 	1300:10 	0.64 	9.3
95 	120.5 	1330:20 	0.52 	13
95 	120.5 	1348:30 	0.52 	13
95 	120.5 	1416:00 	0.62 	7.5
95 	120.5 	1508:43 	3.56 	4.3
95 	120.5 	1529:29 	0.58 	15
96 	120.9 	0944:00 	0.67 	14.5
96 	121.0 	1442:02 	0.88 	9.9
96 	121.0 	1549:46 	0.83 	24
97 	121.3 	0802:41 	0.60 	4.1
97 	121.4 	1345:38 	0.52 	5
99 	122.4 	1517:50 	0.76 	3.3
99 	122.5 	1539:46 	0.74 	7.3
101 	123.4 	1421:07 	1.74 	7.5
102 	123.8 	1119:50 	0.98 	8.5
104 	124.8 	1013:17 	0.63 	30
104 	124.8 	1036:42 	0.87 	8.4
104 	124.8 	1156:42 	1.49 	6.4
104 	124.8 	1405:28 	0.68 	5.2
105 	125.4 	1545:00 	0.93 	11.4
108 	126.7 	1125:24 	0.84 	34
109 	127.2 	1150:51 	0.91 	3.9
109 	127.2 	1236:14 	0.50 	32
110 	127.8 	1508:32 	0.78 	2.4
111 	128.2 	1225:27 	0.66 	16
111 	128.3 	1533:14 	0.56 	21
113 	129.2 	1026:04 	0.76 	20.3
113 	129.2 	1156:16 	1.03 	7.5
114 	129.7 	1231:00 	0.57 	13.2
114 	129.7 	1455:01 	0.71 	9.4
116 	130.6 	0856:23 	0.53 	5.7
116 	130.7 	1231:11 	0.83 	1.8
116 	130.7 	1444:10 	0.84 	5.5
117 	131.2 	1407:18 	0.57 	2.5
117 	131.2 	1420:30 	0.84 	2.4
117 	131.2 	1430:30 	0.68 	11.9
117 	131.2 	1458:57 	0.58 	4.6
118 	131.6 	1105:26 	2.37 	13.4
118 	131.6 	1105:26 	2.08 	9.9
120 	132.6 	1142:12 	1.48 	2.4
121 	133.1 	1055:10 	1.39 	4.4
121 	133.1 	1303:44 	0.65 	5.8
121 	133.1 	1333:00 	0.60 	9
122 	133.6 	1125:49 	0.78 	2.8
122 	133.6 	1255:04 	1.63 	4.0
122 	133.6 	1307:55 	0.62 	3.2
122 	133.7 	1527:26 	0.74 	13.0
123 	134.1 	1018:23 	0.66 	6.5
123 	134.1 	1302:15 	0.69 	11.1
123 	134.2 	1443:30 	0.83 	8.8
124 	134.6 	1359:47 	0.54 	9.3
125 	135.1 	1407:12 	2.00 	4.36
125 	135.1 	1415:56 	0.51 	4.2
126 	135.6 	1321:01 	1.13 	7.3
126 	135.6 	1434:32 	0.52 	11.6
126 	135.6 	1439:08 	0.63 	3.8
127 	136.1 	1225:20 	1.07 	20.8
128 	136.5 	0924:04 	1.23 	29
128 	136.5 	1046:47 	0.67 	20
128 	136.6 	1319:18 	0.53 	15
128 	136.6 	1327:37 	0.57 	3.8
128 	136.6 	1357:45 	0.57 	2.4
129 	137.0 	0958:50 	2.16 	6.9
129 	137.1 	1311:48 	1.58 	3.0
129 	137.1 	1425:13 	0.52 	4.9
130 	137.5 	1010:44 	0.94 	8.8
130 	137.6 	1155:13 	0.56 	12.4
131 	138.0 	1003:36 	0.85 	6.0
131 	138.0 	1101:37 	0.59 	1.6
131 	138.1 	1353:35 	1.61 	5.2
131 	138.1 	1409:27 	1.02 	3.4
132 	138.5 	0942:13 	0.58 	4.3
132 	138.6 	1401:44 	1.61 	5.6
133 	139.1 	1550:31 	0.67 	1.8
136 	140.5 	1041:43 	2.19 	14.2
136 	140.6 	1208:29 	2.51 	8.6
136 	140.6 	1444:46 	0.56 	6.2
136 	140.6 	1626:38 	0.95 	6.6
137 	141.1 	1221:09 	0.57 	5.8
138 	141.6 	1344:01 	0.80 	11.4
139 	142.0 	1016:30 	0.55 	6.5
139 	142.1 	1236:28 	0.80 	2.6
139 	142.1 	1307:27 	0.88 	7.4
139 	142.1 	1326:29 	0.62 	7.2
139 	142.1 	1501:11 	1.13 	4.7
140 	142.6 	1226:43 	0.53 	16
140 	142.6 	1319:51 	1.27 	4.5
140 	142.6 	1541:41 	0.80 	24
141 	143.1 	1226:32 	0.57 	6.4
141 	143.1 	1455:01 	0.65 	4.5
142 	143.6 	1417:55 	0.89 	14
144 	144.5 	0950:40 	0.67 	3.2
144 	144.6 	1200:38 	1.01 	3.0
144 	144.6 	1246:58 	0.56 	3.9
144 	144.6 	1320:17 	0.86 	3.4
144 	144.6 	1446:09 	0.79 	12.1
144 	144.6 	1604:57 	0.56 	4.5
145 	145.0 	0931:39 	0.84 	2.5
145 	145.0 	1019:32 	0.51 	3.1
145 	145.1 	1224:25 	1.02 	3.2
146 	145.6 	1420:42 	0.61 	5.9
146 	145.6 	1455:07 	0.51 	23
146 	145.7 	1559:11 	0.55 	6.8
147 	146.1 	1357:36 	0.57 	3.2
148 	146.5 	0903:27 	0.57 	2.0
148 	146.5 	0955:08 	0.95 	0.65
148 	146.5 	1028:33 	1.06 	7.9
148 	146.6 	1148:47 	0.85 	1.9
150 	147.5 	0931:53 	0.70 	14
150 	147.6 	1009:35 	0.59 	2.5
150 	147.6 	1021:35 	1.03 	6.1
